1710244672397 0.324 0
1710244672425 0.324 0
1710244672454 0.324 0
1710244672481 0.324 0
1710244672511 0.324 0
1710244672537 0.324 0
1710244672568 0.324 0
1710244672599 0.324 0
1710244672629 0.324 0
1710244675924 0.324 0
1710244675962 0.324 0
1710244675997 0.324 0
1710244676048 0.324 0
1710244676202 0.324 0
1710244676335 0.324 0
1710244676427 0.324 0
1710244676487 0.324 0
1710244676537 0.324 0
1710244676589 0.324 0
1710244676914 0.324 0
1710244676956 0.324 0
1710244676994 0.324 0
1710244677038 0.324 0
1710244677088 0.324 0
1710244677134 0.324 0
1710244677244 0.324 0
1710244677306 0.324 0
1710244677369 0.324 0
1710244677417 0.324 0
1710244677770 0.324 0
1710244677813 0.324 0
1710244677864 0.324 0
1710244677914 0.324 0
1710244677970 0.324 0
1710244678012 0.324 0
1710244678057 0.324 0
1710244678108 0.324 0
1710244678158 0.324 0
1710244678207 0.324 0
1710244678513 0.324 0
1710244678579 0.324 0
1710244678652 0.324 0
1710244678708 0.324 0
1710244678759 0.324 0
1710244678803 0.324 0
1710244678848 0.324 0
1710244678902 0.324 0
1710244678949 0.324 0
1710244678988 0.324 0
1710244679262 0.324 0
1710244679313 0.324 0
1710244679356 0.324 0
1710244679396 0.324 0
1710244679439 0.324 0
1710244679476 0.324 0
1710244679518 0.324 0
1710244679561 0.324 0
1710244679602 0.324 0
1710244679651 0.324 0
1710244679955 0.324 0
1710244680102 0.324 0
1710244680218 0.324 0
1710244680299 0.324 0
1710244680363 0.324 0
1710244680453 0.324 0
1710244680504 0.324 0
1710244680563 0.324 0
1710244680614 0.324 0
1710244680659 0.324 0
1710244681016 0.324 0
1710244681058 0.324 0
1710244681103 0.324 0
1710244681153 0.324 0
1710244681205 0.324 0
1710244681254 0.324 0
1710244681302 0.324 0
1710244681354 0.324 0
1710244681416 0.324 0
1710244681472 0.324 0
1710244681862 0.324 0
1710244681947 0.324 0
1710244682088 0.324 0
1710244682140 0.324 0
1710244682204 0.324 0
1710244682250 0.324 0
1710244682324 0.324 0
1710244682377 0.324 0
1710244682440 0.324 0
1710244682493 0.324 0
1710244683007 0.324 0
1710244683067 0.324 0
1710244683134 0.324 0
1710244683188 0.324 0
1710244683249 0.324 0
1710244683327 0.324 0
1710244683409 0.324 0
1710244683489 0.324 0
1710244683614 0.324 0
1710244683720 0.324 0
1710244684129 0.324 0
1710244684173 0.324 0
1710244684226 0.324 0
1710244684266 0.324 0
1710244684314 0.324 0
1710244684378 0.324 0
1710244684433 0.324 0
1710244684484 0.324 0
1710244684545 0.324 0
1710244684593 0.324 0
1710244684849 0.324 0
1710244684888 0.324 0
1710244684927 0.324 0
1710244684982 0.324 0
1710244685026 0.324 0
1710244685065 0.324 0
1710244685110 0.324 0
1710244685163 0.324 0
1710244685221 0.324 0
1710244685287 0.324 0
1710244685605 0.324 0
1710244685656 0.324 0
1710244685707 0.324 0
1710244685767 0.324 0
1710244685851 0.324 0
1710244685904 0.324 0
1710244685957 0.324 0
1710244686006 0.324 0
1710244686061 0.324 0
1710244686125 0.324 0
1710244686613 0.324 0
1710244686680 0.324 0
1710244686752 0.324 0
1710244686797 0.324 0
1710244686850 0.324 0
1710244686933 0.324 0
1710244687026 0.324 0
1710244687102 0.324 0
1710244687185 0.324 0
1710244687260 0.324 0
1710244687690 0.324 0
1710244687737 0.324 0
1710244687799 0.324 0
1710244687851 0.324 0
1710244687892 0.324 0
1710244687928 0.324 0
1710244687966 0.324 0
1710244688004 0.324 0
1710244688053 0.324 0
1710244688104 0.324 0
1710244688477 0.324 0
1710244688520 0.324 0
1710244688561 0.324 0
1710244688602 0.324 0
1710244688633 0.324 0
1710244688667 0.324 0
1710244688700 0.324 0
1710244688739 0.324 0
1710244688777 0.324 0
1710244688814 0.324 0
1710244689099 0.324 0
1710244689133 0.324 0
1710244689176 0.324 0
1710244689219 0.324 0
1710244689268 0.324 0
1710244689323 0.324 0
1710244689376 0.324 0
1710244689424 0.324 0
1710244689468 0.324 0
1710244689504 0.324 0
1710244689738 0.324 0
1710244689774 0.324 0
1710244689818 0.324 0
1710244689859 0.324 0
1710244689913 0.324 0
1710244689979 0.324 0
1710244690024 0.324 0
1710244690074 0.324 0
1710244690123 0.324 0
1710244690204 0.324 0
1710244690547 0.324 0
1710244690579 0.324 0
1710244690615 0.324 0
1710244690651 0.324 0
1710244690693 0.324 0
1710244690739 0.324 0
1710244690784 0.324 0
1710244690824 0.324 0
1710244690861 0.324 0
1710244690895 0.324 0
1710244691098 0.324 0
1710244691134 0.324 0
1710244691170 0.324 0
1710244691207 0.324 0
1710244691239 0.324 0
1710244691267 0.324 0
1710244691298 0.324 0
1710244691331 0.324 0
1710244691360 0.324 0
1710244691393 0.324 0
1710244691682 0.324 0
1710244691719 0.324 0
1710244691766 0.324 0
1710244691808 0.324 0
1710244691859 0.324 0
1710244691900 0.324 0
1710244691943 0.324 0
1710244691982 0.324 0
1710244692022 0.324 0
1710244692065 0.324 0
1710244692330 0.324 0
1710244692368 0.324 0
1710244692413 0.324 0
1710244692458 0.324 0
1710244692509 0.324 0
1710244692552 0.324 0
1710244692600 0.324 0
1710244692637 0.324 0
1710244692673 0.324 0
1710244692708 0.324 0
1710244692892 0.324 0
1710244692931 0.324 0
1710244692971 0.324 0
1710244693013 0.324 0
1710244693076 0.324 0
1710244693128 0.324 0
1710244693177 0.324 0
1710244693230 0.324 0
1710244693286 0.324 0
1710244693326 0.324 0
1710244693680 0.324 0
1710244693761 0.324 0
1710244693804 0.324 0
1710244693848 0.324 0
1710244693889 0.324 0
1710244693922 0.324 0
1710244693956 0.324 0
1710244693995 0.324 0
1710244694054 0.324 0
1710244694099 0.324 0
1710244694341 0.324 0
1710244694371 0.324 0
1710244694405 0.324 0
1710244694440 0.324 0
1710244694483 0.324 0
1710244694524 0.324 0
1710244694561 0.324 0
1710244694593 0.324 0
1710244694623 0.324 0
1710244694652 0.324 0
1710244694874 0.324 0
1710244694899 0.324 0
1710244694940 0.324 0
1710244694978 0.324 0
1710244695015 0.324 0
1710244695056 0.324 0
1710244695089 0.324 0
1710244695119 0.324 0
1710244695151 0.324 0
1710244695182 0.324 0
1710244695390 0.324 0
1710244695420 0.324 0
1710244695453 0.324 0
1710244695480 0.324 0
1710244695508 0.324 0
1710244695532 0.324 0
1710244695561 0.324 0
1710244695586 0.324 0
1710244695621 0.324 0
1710244695651 0.324 0
1710244695943 0.324 0
1710244695993 0.324 0
1710244696037 0.324 0
1710244696094 0.324 0
1710244696146 0.324 0
1710244696194 0.324 0
1710244696238 0.324 0
1710244696278 0.324 0
1710244696314 0.324 0
1710244696355 0.324 0
1710244696626 0.324 0
1710244696652 0.324 0
1710244696681 0.324 0
1710244696711 0.324 0
1710244696737 0.324 0
1710244696770 0.324 0
1710244696798 0.324 0
1710244696830 0.324 0
1710244696858 0.324 0
1710244696891 0.324 0
1710244697099 0.324 0
1710244697153 0.324 0
1710244697198 0.324 0
1710244697233 0.324 0
1710244697264 0.324 0
1710244697294 0.324 0
1710244697325 0.324 0
1710244697357 0.324 0
1710244697397 0.324 0
1710244697434 0.324 0
1710244697675 0.324 0
1710244697711 0.324 0
1710244697753 0.324 0
1710244697795 0.324 0
1710244697830 0.324 0
1710244697861 0.324 0
1710244697894 0.324 0
1710244697932 0.324 0
1710244697969 0.324 0
1710244698015 0.324 0
1710244698312 0.324 0
1710244698362 0.324 0
1710244698414 0.324 0
1710244698470 0.324 0
1710244698522 0.324 0
1710244698557 0.324 0
1710244698590 0.324 0
1710244698620 0.324 0
1710244698648 0.324 0
1710244698674 0.324 0
1710244698865 0.324 0
1710244698900 0.324 0
1710244698934 0.324 0
1710244698987 0.324 0
1710244699037 0.324 0
1710244699086 0.324 0
1710244699134 0.324 0
1710244699185 0.324 0
1710244699230 0.324 0
1710244699283 0.324 0
1710244699546 0.324 0
1710244699585 0.324 0
1710244699629 0.324 0
1710244699662 0.324 0
1710244699693 0.324 0
1710244699723 0.324 0
1710244699750 0.324 0
1710244699778 0.324 0
1710244699800 0.324 0
1710244699832 0.324 0
1710244699986 0.324 0
1710244700014 0.324 0
1710244700037 0.324 0
1710244700064 0.324 0
1710244700096 0.324 0
1710244700125 0.324 0
1710244700155 0.324 0
1710244700184 0.324 0
1710244700212 0.324 0
1710244700239 0.324 0
1710244700523 0.324 0
1710244700549 0.324 0
1710244700581 0.324 0
1710244700610 0.324 0
1710244700636 0.324 0
1710244700669 0.324 0
1710244700696 0.324 0
1710244700728 0.324 0
1710244700766 0.324 0
1710244700812 0.324 0
1710244701027 0.324 0
1710244701056 0.324 0
1710244701090 0.324 0
1710244701122 0.324 0
1710244701149 0.324 0
1710244701179 0.324 0
1710244701216 0.324 0
1710244701247 0.324 0
1710244701274 0.324 0
1710244701304 0.324 0
1710244701475 0.324 0
1710244701512 0.324 0
1710244701538 0.324 0
1710244701567 0.324 0
1710244701598 0.324 0
1710244701624 0.324 0
1710244701653 0.324 0
1710244701697 0.324 0
1710244701731 0.324 0
1710244701769 0.324 0
1710244702048 0.324 0
1710244702071 0.324 0
1710244702094 0.324 0
1710244702120 0.324 0
1710244702148 0.324 0
1710244702182 0.324 0
1710244702205 0.324 0
1710244702232 0.324 0
1710244702262 0.324 0
1710244702290 0.324 0
1710244702625 0.324 0
1710244702678 0.324 0
1710244702738 0.324 0
1710244702795 0.324 0
1710244702853 0.324 0
1710244702913 0.324 0
1710244702967 0.324 0
1710244703016 0.324 0
1710244703080 0.324 0
1710244703150 0.324 0
1710244703471 0.324 0
1710244703509 0.324 0
1710244703548 0.324 0
1710244703595 0.324 0
1710244703635 0.324 0
1710244703678 0.324 0
1710244703717 0.324 0
1710244703758 0.324 0
1710244703796 0.324 0
1710244703841 0.324 0
1710244704074 0.324 0
1710244704097 0.324 0
1710244704123 0.324 0
1710244704151 0.324 0
1710244704180 0.324 0
1710244704208 0.324 0
1710244704241 0.324 0
1710244704272 0.324 0
1710244704306 0.324 0
1710244704342 0.324 0
1710244704538 0.324 0
1710244704565 0.324 0
1710244704590 0.324 0
1710244704613 0.324 0
1710244704638 0.324 0
1710244704666 0.324 0
1710244704699 0.324 0
1710244704724 0.324 0
1710244704751 0.324 0
1710244704780 0.324 0
1710244704933 0.324 0
1710244704961 0.324 0
1710244704994 0.324 0
1710244705030 0.324 0
1710244705064 0.324 0
1710244705095 0.324 0
1710244705132 0.324 0
1710244705182 0.324 0
1710244705228 0.324 0
1710244705275 0.324 0
1710244705603 0.324 0
1710244705636 0.324 0
1710244705683 0.324 0
1710244705722 0.324 0
1710244705748 0.324 0
1710244705778 0.324 0
1710244705804 0.324 0
1710244705833 0.324 0
1710244705864 0.324 0
1710244705894 0.324 0
1710244706151 0.324 0
1710244706177 0.324 0
1710244706214 0.324 0
1710244706247 0.324 0
1710244706279 0.324 0
1710244706307 0.324 0
1710244706338 0.324 0
1710244706372 0.324 0
1710244706401 0.324 0
1710244706425 0.324 0
1710244706610 0.324 0
1710244706644 0.324 0
1710244706676 0.324 0
1710244706709 0.324 0
1710244706754 0.324 0
1710244706796 0.324 0
1710244706842 0.324 0
1710244706883 0.324 0
1710244706921 0.324 0
1710244706960 0.324 0
1710244707151 0.324 0
1710244707179 0.324 0
1710244707212 0.324 0
1710244707242 0.324 0
1710244707271 0.324 0
1710244707301 0.324 0
1710244707329 0.324 0
1710244707362 0.324 0
1710244707393 0.324 0
1710244707425 0.324 0
1710244707602 0.324 0
1710244707628 0.324 0
1710244707655 0.324 0
1710244707680 0.324 0
1710244707711 0.324 0
1710244707736 0.324 0
1710244707773 0.324 0
1710244707812 0.324 0
1710244707847 0.324 0
1710244707882 0.324 0
1710244708059 0.324 0
1710244708089 0.324 0
1710244708116 0.324 0
1710244708142 0.324 0
1710244708172 0.324 0
1710244708200 0.324 0
1710244708231 0.324 0
1710244708263 0.324 0
1710244708296 0.324 0
1710244708330 0.324 0
1710244708532 0.324 0
1710244708562 0.324 0
1710244708596 0.324 0
1710244708629 0.324 0
1710244708663 0.324 0
1710244708692 0.324 0
1710244708721 0.324 0
1710244708764 0.324 0
1710244708798 0.324 0
1710244708822 0.324 0
1710244709030 0.324 0
1710244709068 0.324 0
1710244709110 0.324 0
1710244709145 0.324 0
1710244709175 0.324 0
1710244709203 0.324 0
1710244709237 0.324 0
1710244709265 0.324 0
1710244709296 0.324 0
1710244709330 0.324 0
1710244709547 0.324 0
1710244709576 0.324 0
1710244709614 0.324 0
1710244709642 0.324 0
1710244709674 0.324 0
1710244709706 0.324 0
1710244709743 0.324 0
1710244709779 0.324 0
1710244709820 0.324 0
1710244709870 0.324 0
1710244710104 0.324 0
1710244710159 0.324 0
1710244710212 0.324 0
1710244710267 0.324 0
1710244710314 0.324 0
1710244710353 0.324 0
1710244710382 0.324 0
1710244710415 0.324 0
1710244710443 0.324 0
1710244710469 0.324 0
1710244710634 0.324 0
1710244710665 0.324 0
1710244710697 0.324 0
1710244710720 0.324 0
1710244710748 0.324 0
1710244710781 0.324 0
1710244710813 0.324 0
1710244710843 0.324 0
1710244710875 0.324 0
1710244710900 0.324 0
1710244711054 0.324 0
1710244711077 0.324 0
1710244711106 0.324 0
1710244711130 0.324 0
1710244711152 0.324 0
1710244711180 0.324 0
1710244711203 0.324 0
1710244711232 0.324 0
1710244711265 0.324 0
1710244711294 0.324 0
1710244711482 0.324 0
1710244711504 0.324 0
1710244711528 0.324 0
1710244711555 0.324 0
1710244711579 0.324 0
1710244711602 0.324 0
1710244711625 0.324 0
1710244711651 0.324 0
1710244711678 0.324 0
1710244711702 0.324 0
1710244711877 0.324 0
1710244711904 0.324 0
1710244711932 0.324 0
1710244711957 0.324 0
1710244711986 0.324 0
1710244712016 0.324 0
1710244712043 0.324 0
1710244712076 0.324 0
1710244712103 0.324 0
1710244712132 0.324 0
1710244712311 0.324 0
1710244712335 0.324 0
1710244712368 0.324 0
1710244712399 0.324 0
1710244712429 0.324 0
1710244712466 0.324 0
1710244712503 0.324 0
1710244712541 0.324 0
1710244712573 0.324 0
1710244712604 0.324 0
1710244712788 0.324 0
1710244712818 0.324 0
1710244712849 0.324 0
1710244712883 0.324 0
1710244712913 0.324 0
1710244712958 0.324 0
1710244713008 0.324 0
1710244713058 0.324 0
1710244713099 0.324 0
1710244713149 0.324 0
1710244713349 0.324 0
1710244713376 0.324 0
1710244713407 0.324 0
1710244713437 0.324 0
1710244713466 0.324 0
1710244713493 0.324 0
1710244713528 0.324 0
1710244713566 0.324 0
1710244713605 0.324 0
1710244713653 0.324 0
1710244713855 0.324 0
1710244713888 0.324 0
1710244713922 0.324 0
1710244713949 0.324 0
1710244713976 0.324 0
1710244714007 0.324 0
1710244714034 0.324 0
1710244714063 0.324 0
1710244714092 0.324 0
1710244714119 0.324 0
1710244714308 0.324 0
1710244714340 0.324 0
1710244714367 0.324 0
1710244714399 0.324 0
1710244714426 0.324 0
1710244714458 0.324 0
1710244714486 0.324 0
1710244714517 0.324 0
1710244714543 0.324 0
1710244714575 0.324 0
1710244714780 0.324 0
1710244714812 0.324 0
1710244714858 0.324 0
1710244714903 0.324 0
1710244714940 0.324 0
1710244714973 0.324 0
1710244715008 0.324 0
1710244715038 0.324 0
1710244715067 0.324 0
1710244715093 0.324 0
1710244715248 0.324 0
1710244715282 0.324 0
1710244715319 0.324 0
1710244715348 0.324 0
1710244715376 0.324 0
1710244715406 0.324 0
1710244715434 0.324 0
1710244715458 0.324 0
1710244715484 0.324 0
1710244715512 0.324 0
1710244715742 0.324 0
1710244715775 0.324 0
1710244715814 0.324 0
1710244715842 0.324 0
1710244715873 0.324 0
1710244715907 0.324 0
1710244715944 0.324 0
1710244715978 0.324 0
1710244716014 0.324 0
1710244716052 0.324 0
1710244716245 0.324 0
1710244716273 0.324 0
1710244716302 0.324 0
1710244716330 0.324 0
1710244716356 0.324 0
1710244716381 0.324 0
1710244716405 0.324 0
1710244716435 0.324 0
1710244716462 0.324 0
1710244716486 0.324 0
1710244716653 0.324 0
1710244716683 0.324 0
1710244716718 0.324 0
1710244716754 0.324 0
1710244716789 0.324 0
1710244716821 0.324 0
1710244716855 0.324 0
1710244716888 0.324 0
1710244716923 0.324 0
1710244716959 0.324 0
1710244717189 0.324 0
1710244717212 0.324 0
1710244717235 0.324 0
1710244717261 0.324 0
1710244717293 0.324 0
1710244717320 0.324 0
1710244717345 0.324 0
1710244717372 0.324 0
1710244717396 0.324 0
1710244717424 0.324 0
1710244717641 0.324 0
1710244717673 0.324 0
1710244717709 0.324 0
1710244717741 0.324 0
1710244717767 0.324 0
1710244717798 0.324 0
1710244717825 0.324 0
1710244717854 0.324 0
1710244717880 0.324 0
1710244717906 0.324 0
1710244718090 0.324 0
1710244718123 0.324 0
1710244718158 0.324 0
1710244718191 0.324 0
1710244718226 0.324 0
1710244718255 0.324 0
1710244718285 0.324 0
1710244718313 0.324 0
1710244718342 0.324 0
1710244718372 0.324 0
1710244718560 0.324 0
1710244718591 0.324 0
1710244718620 0.324 0
1710244718646 0.324 0
1710244718672 0.324 0
1710244718698 0.324 0
1710244718725 0.324 0
1710244718754 0.324 0
1710244718785 0.324 0
1710244718809 0.324 0
1710244719000 0.324 0
1710244719032 0.324 0
1710244719060 0.324 0
1710244719090 0.324 0
1710244719118 0.324 0
1710244719152 0.324 0
1710244719199 0.324 0
1710244719242 0.324 0
1710244719283 0.324 0
1710244719320 0.324 0
1710244719521 0.324 0
1710244719554 0.324 0
1710244719588 0.324 0
1710244719622 0.324 0
1710244719651 0.324 0
1710244719675 0.324 0
1710244719707 0.324 0
1710244719734 0.324 0
1710244719756 0.324 0
1710244719783 0.324 0
1710244719953 0.324 0
1710244719982 0.324 0
1710244720009 0.324 0
1710244720041 0.324 0
1710244720070 0.324 0
1710244720099 0.324 0
1710244720126 0.324 0
1710244720154 0.324 0
1710244720183 0.324 0
1710244720213 0.324 0
1710244720369 0.324 0
1710244720400 0.324 0
1710244720434 0.324 0
1710244720471 0.324 0
1710244720501 0.324 0
1710244720534 0.324 0
1710244720565 0.324 0
1710244720597 0.324 0
1710244720633 0.324 0
1710244720662 0.324 0
1710244720908 0.324 0
1710244720933 0.324 0
1710244720967 0.324 0
1710244721002 0.324 0
1710244721038 0.324 0
1710244721072 0.324 0
1710244721126 0.324 0
1710244721178 0.324 0
1710244721217 0.324 0
1710244721251 0.324 0
1710244721436 0.324 0
1710244721467 0.324 0
1710244721489 0.324 0
1710244721514 0.324 0
1710244721547 0.324 0
1710244721607 0.324 0
1710244721692 0.324 0
1710244721770 0.324 0
1710244721829 0.324 0
1710244721868 0.324 0
1710244722070 0.324 0
1710244722092 0.324 0
1710244722117 0.324 0
1710244722145 0.324 0
1710244722171 0.324 0
1710244722200 0.324 0
1710244722224 0.324 0
1710244722250 0.324 0
1710244722291 0.324 0
1710244722318 0.324 0
1710244722518 0.324 0
1710244722551 0.324 0
1710244722588 0.324 0
1710244722623 0.324 0
1710244722659 0.324 0
1710244722695 0.324 0
1710244722728 0.324 0
1710244722760 0.324 0
1710244722786 0.324 0
1710244722817 0.324 0
1710244723048 0.324 0
1710244723074 0.324 0
1710244723106 0.324 0
1710244723133 0.324 0
1710244723157 0.324 0
1710244723183 0.324 0
1710244723209 0.324 0
1710244723232 0.324 0
1710244723261 0.324 0
1710244723285 0.324 0
1710244723470 0.324 0
1710244723497 0.324 0
1710244723528 0.324 0
1710244723557 0.324 0
1710244723583 0.324 0
1710244723607 0.324 0
1710244723636 0.324 0
1710244723668 0.324 0
1710244723696 0.324 0
1710244723724 0.324 0
1710244723893 0.324 0
1710244723923 0.324 0
1710244723950 0.324 0
1710244723986 0.324 0
1710244724020 0.324 0
1710244724058 0.324 0
1710244724090 0.324 0
1710244724121 0.324 0
1710244724152 0.324 0
1710244724179 0.324 0
1710244724351 0.324 0
1710244724376 0.324 0
1710244724406 0.324 0
1710244724434 0.324 0
1710244724460 0.324 0
1710244724489 0.324 0
1710244724520 0.324 0
1710244724550 0.324 0
1710244724581 0.324 0
1710244724612 0.324 0
1710244724785 0.324 0
1710244724810 0.324 0
1710244724840 0.324 0
1710244724867 0.324 0
1710244724898 0.324 0
1710244724926 0.324 0
1710244724948 0.324 0
1710244724974 0.324 0
1710244725003 0.324 0
1710244725030 0.324 0
1710244725230 0.324 0
1710244725262 0.324 0
1710244725289 0.324 0
1710244725319 0.324 0
1710244725347 0.324 0
1710244725377 0.324 0
1710244725403 0.324 0
1710244725430 0.324 0
1710244725454 0.324 0
1710244725483 0.324 0
1710244725674 0.324 0
1710244725704 0.324 0
1710244725738 0.324 0
1710244725773 0.324 0
1710244725805 0.324 0
1710244725838 0.324 0
1710244725872 0.324 0
1710244725906 0.324 0
1710244725941 0.324 0
1710244725974 0.324 0
1710244726142 0.324 0
1710244726170 0.324 0
1710244726195 0.324 0
1710244726226 0.324 0
1710244726260 0.324 0
1710244726288 0.324 0
1710244726323 0.324 0
1710244726358 0.324 0
1710244726393 0.324 0
1710244726429 0.324 0
1710244726723 0.324 0
1710244726763 0.324 0
1710244726812 0.324 0
1710244726859 0.324 0
1710244726904 0.324 0
1710244726946 0.324 0
1710244726991 0.324 0
1710244727038 0.324 0
1710244727078 0.324 0
1710244727116 0.324 0
1710244727374 0.324 0
1710244727425 0.324 0
1710244727474 0.324 0
1710244727519 0.324 0
1710244727570 0.324 0
1710244727707 0.324 0
1710244727776 0.324 0
1710244727843 0.324 0
1710244727895 0.324 0
1710244727936 0.324 0
1710244728211 0.324 0
1710244728244 0.324 0
1710244728278 0.324 0
1710244728314 0.324 0
1710244728345 0.324 0
1710244728385 0.324 0
1710244728423 0.324 0
1710244728463 0.324 0
1710244728493 0.324 0
1710244728519 0.324 0
1710244728767 0.324 0
1710244728803 0.324 0
1710244728839 0.324 0
1710244728885 0.324 0
1710244728925 0.324 0
1710244728964 0.324 0
1710244729003 0.324 0
1710244729037 0.324 0
1710244729069 0.324 0
1710244729097 0.324 0
1710244729285 0.324 0
1710244729314 0.324 0
1710244729344 0.324 0
1710244729368 0.324 0
1710244729394 0.324 0
1710244729419 0.324 0
1710244729446 0.324 0
1710244729473 0.324 0
1710244729507 0.324 0
1710244729535 0.324 0
1710244729720 0.324 0
1710244729755 0.324 0
1710244729806 0.324 0
1710244729868 0.324 0
1710244729908 0.324 0
1710244729952 0.324 0
1710244729986 0.324 0
1710244730018 0.324 0
1710244730051 0.324 0
1710244730082 0.324 0
1710244730264 0.324 0
1710244730295 0.324 0
1710244730324 0.324 0
1710244730351 0.324 0
1710244730374 0.324 0
1710244730399 0.324 0
1710244730426 0.324 0
1710244730452 0.324 0
1710244730474 0.324 0
1710244730503 0.324 0
1710244730682 0.324 0
1710244730711 0.324 0
1710244730744 0.324 0
1710244730768 0.324 0
1710244730797 0.324 0
1710244730823 0.324 0
1710244730853 0.324 0
1710244730879 0.324 0
1710244730902 0.324 0
1710244730926 0.324 0
1710244731150 0.324 0
1710244731177 0.324 0
1710244731207 0.324 0
1710244731236 0.324 0
1710244731266 0.324 0
1710244731294 0.324 0
1710244731333 0.324 0
1710244731373 0.324 0
1710244731405 0.324 0
1710244731436 0.324 0
1710244731593 0.324 0
1710244731625 0.324 0
1710244731649 0.324 0
1710244731677 0.324 0
1710244731701 0.324 0
1710244731731 0.324 0
1710244731762 0.324 0
1710244731790 0.324 0
1710244731826 0.324 0
1710244731855 0.324 0
1710244732020 0.324 0
1710244732046 0.324 0
1710244732071 0.324 0
1710244732102 0.324 0
1710244732133 0.324 0
1710244732165 0.324 0
1710244732201 0.324 0
1710244732234 0.324 0
1710244732267 0.324 0
1710244732296 0.324 0
1710244732481 0.324 0
1710244732510 0.324 0
1710244732541 0.324 0
1710244732570 0.324 0
1710244732596 0.324 0
1710244732629 0.324 0
1710244732658 0.324 0
1710244732693 0.324 0
1710244732724 0.324 0
1710244732753 0.324 0
1710244732924 0.324 0
1710244732953 0.324 0
1710244732981 0.324 0
1710244733012 0.324 0
1710244733043 0.324 0
1710244733074 0.324 0
1710244733099 0.324 0
1710244733127 0.324 0
1710244733155 0.324 0
1710244733182 0.324 0
1710244733371 0.324 0
1710244733406 0.324 0
1710244733433 0.324 0
1710244733458 0.324 0
1710244733480 0.324 0
1710244733502 0.324 0
1710244733529 0.324 0
1710244733557 0.324 0
1710244733582 0.324 0
1710244733604 0.324 0
1710244733763 0.324 0
1710244733786 0.324 0
1710244733817 0.324 0
1710244733849 0.324 0
1710244733877 0.324 0
1710244733901 0.324 0
1710244733928 0.324 0
1710244733955 0.324 0
1710244733987 0.324 0
1710244734019 0.324 0
1710244734204 0.324 0
1710244734232 0.324 0
1710244734260 0.324 0
1710244734284 0.324 0
1710244734308 0.324 0
1710244734335 0.324 0
1710244734358 0.324 0
1710244734387 0.324 0
1710244734417 0.324 0
1710244734454 0.324 0
1710244734647 0.324 0
1710244734678 0.324 0
1710244734705 0.324 0
1710244734733 0.324 0
1710244734764 0.324 0
1710244734797 0.324 0
1710244734829 0.324 0
1710244734861 0.324 0
1710244734888 0.324 0
1710244734913 0.324 0
1710244735094 0.324 0
1710244735129 0.324 0
1710244735159 0.324 0
1710244735188 0.324 0
1710244735214 0.324 0
1710244735243 0.324 0
1710244735270 0.324 0
1710244735302 0.324 0
1710244735334 0.324 0
1710244735365 0.324 0
1710244735591 0.324 0
1710244735630 0.324 0
1710244735665 0.324 0
1710244735696 0.324 0
1710244735727 0.324 0
1710244735769 0.324 0
1710244735807 0.324 0
1710244735840 0.324 0
1710244735881 0.324 0
1710244735918 0.324 0
1710244736083 0.324 0
1710244736112 0.324 0
1710244736139 0.324 0
1710244736170 0.324 0
1710244736194 0.324 0
1710244736224 0.324 0
1710244736252 0.324 0
1710244736281 0.324 0
1710244736317 0.324 0
1710244736361 0.324 0
1710244736533 0.324 0
1710244736562 0.324 0
1710244736589 0.324 0
1710244736618 0.324 0
1710244736643 0.324 0
1710244736670 0.324 0
1710244736702 0.324 0
1710244736738 0.324 0
1710244736783 0.324 0
1710244736816 0.324 0
1710244737013 0.324 0
1710244737042 0.324 0
1710244737070 0.324 0
1710244737097 0.324 0
1710244737130 0.324 0
1710244737159 0.324 0
1710244737186 0.324 0
1710244737215 0.324 0
1710244737242 0.324 0
1710244737270 0.324 0
1710244737451 0.324 0
1710244737480 0.324 0
1710244737504 0.324 0
1710244737539 0.324 0
1710244737570 0.324 0
1710244737603 0.324 0
1710244737640 0.324 0
1710244737680 0.324 0
1710244737716 0.324 0
1710244737750 0.324 0
1710244737953 0.324 0
1710244737991 0.324 0
1710244738022 0.324 0
1710244738048 0.324 0
1710244738074 0.324 0
1710244738104 0.324 0
1710244738127 0.324 0
1710244738149 0.324 0
1710244738175 0.324 0
1710244738200 0.324 0
1710244738387 0.324 0
1710244738413 0.324 0
1710244738438 0.324 0
1710244738461 0.324 0
1710244738486 0.324 0
1710244738515 0.324 0
1710244738544 0.324 0
1710244738576 0.324 0
1710244738601 0.324 0
1710244738626 0.324 0
1710244738905 0.324 0
1710244738933 0.324 0
1710244738957 0.324 0
1710244738986 0.324 0
1710244739020 0.324 0
1710244739059 0.324 0
1710244739093 0.324 0
1710244739164 0.324 0
1710244739195 0.324 0
1710244739226 0.324 0
1710244739432 0.324 0
1710244739459 0.324 0
1710244739482 0.324 0
1710244739509 0.324 0
1710244739534 0.324 0
1710244739565 0.324 0
1710244739604 0.324 0
1710244739649 0.324 0
1710244739689 0.324 0
1710244739719 0.324 0
1710244739944 0.324 0
1710244739968 0.324 0
1710244739992 0.324 0
1710244740021 0.324 0
1710244740051 0.324 0
1710244740080 0.324 0
1710244740115 0.324 0
1710244740146 0.324 0
1710244740175 0.324 0
1710244740208 0.324 0
1710244740483 0.324 0
1710244740514 0.324 0
1710244740543 0.324 0
1710244740568 0.324 0
1710244740598 0.324 0
1710244740625 0.324 0
1710244740654 0.324 0
1710244740689 0.324 0
1710244740720 0.324 0
1710244740750 0.324 0
1710244740931 0.324 0
1710244740965 0.324 0
1710244741002 0.324 0
1710244741037 0.324 0
1710244741077 0.324 0
1710244741116 0.324 0
1710244741155 0.324 0
1710244741193 0.324 0
1710244741231 0.324 0
1710244741269 0.324 0
1710244741627 0.324 0
1710244741664 0.324 0
1710244741704 0.324 0
1710244741742 0.324 0
1710244741784 0.324 0
1710244741824 0.324 0
1710244741866 0.324 0
1710244741904 0.324 0
1710244741943 0.324 0
1710244741979 0.324 0
1710244742231 0.324 0
1710244742278 0.324 0
1710244742356 0.324 0
1710244742410 0.324 0
1710244742467 0.324 0
1710244742516 0.324 0
1710244742573 0.324 0
1710244742643 0.324 0
1710244742703 0.324 0
1710244742759 0.324 0
1710244743034 0.324 0
1710244743066 0.324 0
1710244743099 0.324 0
1710244743134 0.324 0
1710244743167 0.324 0
1710244743203 0.324 0
1710244743240 0.324 0
1710244743273 0.324 0
1710244743301 0.324 0
1710244743330 0.324 0
1710244743538 0.324 0
1710244743565 0.324 0
1710244743602 0.324 0
1710244743634 0.324 0
1710244743659 0.324 0
1710244743689 0.324 0
1710244743722 0.324 0
1710244743755 0.324 0
1710244743786 0.324 0
1710244743822 0.324 0
1710244744066 0.324 0
1710244744101 0.324 0
1710244744149 0.324 0
1710244744185 0.324 0
1710244744219 0.324 0
1710244744255 0.324 0
1710244744298 0.324 0
1710244744327 0.324 0
1710244744359 0.324 0
1710244744382 0.324 0
1710244744567 0.324 0
1710244744593 0.324 0
1710244744629 0.324 0
1710244744664 0.324 0
1710244744695 0.324 0
1710244744731 0.324 0
1710244744768 0.324 0
1710244744802 0.324 0
1710244744833 0.324 0
1710244744864 0.324 0
1710244745161 0.324 0
1710244745189 0.324 0
1710244745215 0.324 0
1710244745243 0.324 0
1710244745269 0.324 0
1710244745296 0.324 0
1710244745320 0.324 0
1710244745352 0.324 0
1710244745385 0.324 0
1710244745414 0.324 0
1710244745598 0.324 0
1710244745621 0.324 0
1710244745644 0.324 0
1710244745671 0.324 0
1710244745698 0.324 0
1710244745723 0.324 0
1710244745751 0.324 0
1710244745778 0.324 0
1710244745805 0.324 0
1710244745828 0.324 0
1710244745998 0.324 0
1710244746022 0.324 0
1710244746053 0.324 0
1710244746076 0.324 0
1710244746128 0.324 0
1710244746178 0.324 0
1710244746233 0.324 0
1710244746273 0.324 0
1710244746315 0.324 0
1710244746351 0.324 0
1710244746565 0.324 0
1710244746601 0.324 0
1710244746639 0.324 0
1710244746664 0.324 0
1710244746692 0.324 0
1710244746717 0.324 0
1710244746743 0.324 0
1710244746777 0.324 0
1710244746807 0.324 0
1710244746831 0.324 0
1710244747026 0.324 0
1710244747061 0.324 0
1710244747092 0.324 0
1710244747126 0.324 0
1710244747156 0.324 0
1710244747195 0.324 0
1710244747230 0.324 0
1710244747262 0.324 0
1710244747298 0.324 0
1710244747327 0.324 0
1710244747540 0.324 0
1710244747564 0.324 0
1710244747587 0.324 0
1710244747610 0.324 0
1710244747635 0.324 0
1710244747664 0.324 0
1710244747693 0.324 0
1710244747719 0.324 0
1710244747752 0.324 0
1710244747796 0.324 0
1710244748023 0.324 0
1710244748058 0.324 0
1710244748085 0.324 0
1710244748117 0.324 0
1710244748145 0.324 0
1710244748176 0.324 0
1710244748207 0.324 0
1710244748233 0.324 0
1710244748263 0.324 0
1710244748295 0.324 0
1710244748512 0.324 0
1710244748543 0.324 0
1710244748576 0.324 0
1710244748609 0.324 0
1710244748639 0.324 0
1710244748665 0.324 0
1710244748695 0.324 0
1710244748722 0.324 0
1710244748746 0.324 0
1710244748770 0.324 0
1710244748956 0.324 0
1710244748984 0.324 0
1710244749009 0.324 0
1710244749036 0.324 0
1710244749062 0.324 0
1710244749086 0.324 0
1710244749113 0.324 0
1710244749138 0.324 0
1710244749167 0.324 0
1710244749192 0.324 0
1710244749387 0.324 0
1710244749412 0.324 0
1710244749437 0.324 0
1710244749466 0.324 0
1710244749506 0.324 0
1710244749530 0.324 0
1710244749562 0.324 0
1710244749594 0.324 0
1710244749632 0.324 0
1710244749680 0.324 0
1710244749925 0.324 0
1710244749948 0.324 0
1710244749978 0.324 0
1710244750003 0.324 0
1710244750029 0.324 0
1710244750056 0.324 0
1710244750081 0.324 0
1710244750109 0.324 0
1710244750133 0.324 0
1710244750163 0.324 0
1710244750348 0.324 0
1710244750377 0.324 0
1710244750406 0.324 0
1710244750433 0.324 0
1710244750465 0.324 0
1710244750499 0.324 0
1710244750529 0.324 0
1710244750561 0.324 0
1710244750595 0.324 0
1710244750629 0.324 0
1710244750827 0.324 0
1710244750855 0.324 0
1710244750887 0.324 0
1710244750915 0.324 0
1710244750942 0.324 0
1710244750965 0.324 0
1710244750987 0.324 0
1710244751020 0.324 0
1710244751050 0.324 0
1710244751086 0.324 0
1710244751400 0.324 0
1710244751437 0.324 0
1710244751476 0.324 0
1710244751513 0.324 0
1710244751560 0.324 0
1710244751597 0.324 0
1710244751642 0.324 0
1710244751679 0.324 0
1710244751715 0.324 0
1710244751760 0.324 0
1710244752071 0.324 0
1710244752096 0.324 0
1710244752128 0.324 0
1710244752158 0.324 0
1710244752186 0.324 0
1710244752214 0.324 0
1710244752248 0.324 0
1710244752283 0.324 0
1710244752312 0.324 0
1710244752340 0.324 0
1710244752513 0.324 0
1710244752545 0.324 0
1710244752572 0.324 0
1710244752604 0.324 0
1710244752636 0.324 0
1710244752671 0.324 0
1710244752703 0.324 0
1710244752731 0.324 0
1710244752759 0.324 0
1710244752789 0.324 0
1710244752954 0.324 0
1710244752981 0.324 0
1710244753008 0.324 0
1710244753039 0.324 0
1710244753067 0.324 0
1710244753105 0.324 0
1710244753146 0.324 0
1710244753176 0.324 0
1710244753213 0.324 0
1710244753244 0.324 0
1710244753420 0.324 0
1710244753452 0.324 0
1710244753524 0.324 0
1710244753574 0.324 0
1710244753621 0.324 0
1710244753677 0.324 0
1710244753731 0.324 0
1710244753787 0.324 0
1710244753847 0.324 0
1710244753884 0.324 0
1710244754180 0.324 0
1710244754229 0.324 0
1710244754289 0.324 0
1710244754350 0.324 0
1710244754401 0.324 0
1710244754443 0.324 0
1710244754482 0.324 0
1710244754514 0.324 0
1710244754549 0.324 0
1710244754580 0.324 0
1710244754780 0.324 0
1710244754809 0.324 0
1710244754837 0.324 0
1710244754873 0.324 0
1710244754908 0.324 0
1710244754946 0.324 0
1710244754971 0.324 0
1710244754998 0.324 0
1710244755024 0.324 0
1710244755051 0.324 0
1710244755236 0.324 0
1710244755264 0.324 0
1710244755292 0.324 0
1710244755321 0.324 0
1710244755347 0.324 0
1710244755382 0.324 0
1710244755414 0.324 0
1710244755443 0.324 0
1710244755489 0.324 0
1710244755536 0.324 0
1710244755771 0.324 0
1710244755796 0.324 0
1710244755823 0.324 0
1710244755849 0.324 0
1710244755888 0.324 0
1710244755929 0.324 0
1710244755969 0.324 0
1710244756008 0.324 0
1710244756042 0.324 0
1710244756078 0.324 0
1710244756374 0.324 0
1710244756443 0.324 0
1710244756521 0.324 0
1710244756591 0.324 0
1710244756638 0.324 0
1710244756700 0.324 0
1710244756763 0.324 0
1710244756812 0.324 0
1710244756865 0.324 0
1710244756916 0.324 0
1710244757210 0.324 0
1710244757237 0.324 0
1710244757272 0.324 0
1710244757309 0.324 0
1710244757342 0.324 0
1710244757372 0.324 0
1710244757405 0.324 0
1710244757439 0.324 0
1710244757473 0.324 0
1710244757526 0.324 0
1710244757867 0.324 0
1710244757891 0.324 0
1710244757923 0.324 0
1710244757953 0.324 0
1710244757981 0.324 0
1710244758019 0.324 0
1710244758062 0.324 0
1710244758115 0.324 0
1710244758162 0.324 0
1710244758196 0.324 0
1710244758486 0.324 0
1710244758526 0.324 0
1710244758569 0.324 0
1710244758602 0.324 0
1710244758638 0.324 0
1710244758668 0.324 0
1710244758700 0.324 0
1710244758732 0.324 0
1710244758759 0.324 0
1710244758793 0.324 0
1710244759119 0.324 0
1710244759153 0.324 0
1710244759183 0.324 0
1710244759213 0.324 0
1710244759255 0.324 0
1710244759294 0.324 0
1710244759328 0.324 0
1710244759363 0.324 0
1710244759403 0.324 0
1710244759431 0.324 0
1710244759646 0.324 0
1710244759683 0.324 0
1710244759723 0.324 0
1710244759759 0.324 0
1710244759794 0.324 0
1710244759822 0.324 0
1710244759849 0.324 0
1710244759875 0.324 0
1710244759903 0.324 0
1710244759931 0.324 0
1710244760125 0.324 0
1710244760169 0.324 0
1710244760213 0.324 0
1710244760260 0.324 0
1710244760297 0.324 0
1710244760329 0.324 0
1710244760367 0.324 0
1710244760415 0.324 0
1710244760451 0.324 0
1710244760489 0.324 0
1710244760738 0.324 0
1710244760768 0.324 0
1710244760799 0.324 0
1710244760824 0.324 0
1710244760860 0.324 0
1710244760891 0.324 0
1710244760921 0.324 0
1710244760949 0.324 0
1710244760977 0.324 0
1710244761004 0.324 0
1710244761188 0.324 0
1710244761224 0.324 0
1710244761257 0.324 0
1710244761290 0.324 0
1710244761328 0.324 0
1710244761358 0.324 0
1710244761392 0.324 0
1710244761426 0.324 0
1710244761460 0.324 0
1710244761493 0.324 0
1710244761701 0.324 0
1710244761735 0.324 0
1710244761767 0.324 0
1710244761818 0.324 0
1710244761862 0.324 0
1710244761904 0.324 0
1710244761941 0.324 0
1710244761975 0.324 0
1710244762012 0.324 0
1710244762045 0.324 0
1710244762285 0.324 0
1710244762319 0.324 0
1710244762359 0.324 0
1710244762402 0.324 0
1710244762441 0.324 0
1710244762486 0.324 0
1710244762527 0.324 0
1710244762561 0.324 0
1710244762598 0.324 0
1710244762624 0.324 0
1710244762842 0.324 0
1710244762883 0.324 0
1710244762928 0.324 0
1710244762967 0.324 0
1710244763001 0.324 0
1710244763029 0.324 0
1710244763058 0.324 0
1710244763081 0.324 0
1710244763113 0.324 0
1710244763143 0.324 0
1710244763391 0.324 0
1710244763418 0.324 0
1710244763449 0.324 0
1710244763477 0.324 0
1710244763505 0.324 0
1710244763539 0.324 0
1710244763573 0.324 0
1710244763612 0.324 0
1710244763651 0.324 0
1710244763688 0.324 0
1710244763904 0.324 0
1710244763935 0.324 0
1710244763970 0.324 0
1710244763992 0.324 0
1710244764018 0.324 0
1710244764041 0.324 0
1710244764067 0.324 0
1710244764092 0.324 0
1710244764124 0.324 0
1710244764161 0.324 0
1710244764351 0.324 0
1710244764382 0.324 0
1710244764408 0.324 0
1710244764437 0.324 0
1710244764467 0.324 0
1710244764507 0.324 0
1710244764547 0.324 0
1710244764583 0.324 0
1710244764616 0.324 0
1710244764643 0.324 0
1710244764841 0.324 0
1710244764872 0.324 0
1710244764901 0.324 0
1710244764930 0.324 0
1710244764955 0.324 0
1710244764984 0.324 0
1710244765013 0.324 0
1710244765039 0.324 0
1710244765067 0.324 0
1710244765091 0.324 0
1710244765285 0.324 0
1710244765308 0.324 0
1710244765341 0.324 0
1710244765367 0.324 0
1710244765401 0.324 0
1710244765438 0.324 0
1710244765474 0.324 0
1710244765510 0.324 0
1710244765540 0.324 0
1710244765571 0.324 0
1710244765765 0.324 0
1710244765817 0.324 0
1710244765869 0.324 0
1710244765913 0.324 0
1710244765951 0.324 0
1710244765981 0.324 0
1710244766011 0.324 0
1710244766037 0.324 0
1710244766071 0.324 0
1710244766100 0.324 0
1710244766295 0.324 0
1710244766347 0.324 0
1710244766386 0.324 0
1710244766418 0.324 0
1710244766449 0.324 0
1710244766493 0.324 0
1710244766532 0.324 0
1710244766570 0.324 0
1710244766608 0.324 0
1710244766644 0.324 0
1710244766894 0.324 0
1710244766919 0.324 0
1710244766958 0.324 0
1710244767021 0.324 0
1710244767078 0.324 0
1710244767135 0.324 0
1710244767177 0.324 0
1710244767217 0.324 0
1710244767252 0.324 0
1710244767281 0.324 0
1710244767491 0.324 0
1710244767525 0.324 0
1710244767566 0.324 0
1710244767597 0.324 0
1710244767627 0.324 0
1710244767660 0.324 0
1710244767693 0.324 0
1710244767722 0.324 0
1710244767752 0.324 0
1710244767790 0.324 0
1710244768037 0.324 0
1710244768060 0.324 0
1710244768094 0.324 0
1710244768125 0.324 0
1710244768154 0.324 0
1710244768191 0.324 0
1710244768228 0.324 0
1710244768260 0.324 0
1710244768298 0.324 0
1710244768347 0.324 0
1710244768602 0.324 0
1710244768635 0.324 0
1710244768673 0.324 0
1710244768712 0.324 0
1710244768745 0.324 0
1710244768775 0.324 0
1710244768815 0.324 0
1710244768847 0.324 0
1710244768881 0.324 0
1710244768908 0.324 0
1710244769121 0.324 0
1710244769149 0.324 0
1710244769187 0.324 0
1710244769225 0.324 0
1710244769261 0.324 0
1710244769299 0.324 0
1710244769337 0.324 0
1710244769377 0.324 0
1710244769418 0.324 0
1710244769461 0.324 0
1710244769668 0.324 0
1710244769697 0.324 0
1710244769723 0.324 0
1710244769754 0.324 0
1710244769783 0.324 0
1710244769815 0.324 0
1710244769845 0.324 0
1710244769876 0.324 0
1710244769906 0.324 0
1710244769932 0.324 0
1710244770124 0.324 0
1710244770154 0.324 0
1710244770184 0.324 0
1710244770206 0.324 0
1710244770237 0.324 0
1710244770268 0.324 0
1710244770298 0.324 0
1710244770323 0.324 0
1710244770350 0.324 0
1710244770378 0.324 0
1710244770594 0.324 0
1710244770634 0.324 0
1710244770676 0.324 0
1710244770727 0.324 0
1710244770772 0.324 0
1710244770816 0.324 0
1710244770858 0.324 0
1710244770891 0.324 0
1710244770940 0.324 0
1710244770977 0.324 0
1710244771229 0.324 0
1710244771255 0.324 0
1710244771282 0.324 0
1710244771313 0.324 0
1710244771348 0.324 0
1710244771380 0.324 0
1710244771413 0.324 0
1710244771444 0.324 0
1710244771470 0.324 0
1710244771495 0.324 0
1710244771692 0.324 0
1710244771724 0.324 0
1710244771757 0.324 0
1710244771795 0.324 0
1710244771824 0.324 0
1710244771851 0.324 0
1710244771878 0.324 0
1710244771911 0.324 0
1710244771941 0.324 0
1710244771969 0.324 0
1710244772140 0.324 0
1710244772162 0.324 0
1710244772190 0.324 0
1710244772213 0.324 0
1710244772241 0.324 0
1710244772269 0.324 0
1710244772296 0.324 0
1710244772324 0.324 0
1710244772357 0.324 0
1710244772390 0.324 0
1710244772614 0.324 0
1710244772640 0.324 0
1710244772681 0.324 0
1710244772719 0.324 0
1710244772757 0.324 0
1710244772814 0.324 0
1710244772867 0.324 0
1710244772917 0.324 0
1710244772953 0.324 0
1710244772986 0.324 0
1710244773172 0.324 0
1710244773207 0.324 0
1710244773236 0.324 0
1710244773265 0.324 0
1710244773296 0.324 0
1710244773324 0.324 0
1710244773357 0.324 0
1710244773385 0.324 0
1710244773415 0.324 0
1710244773448 0.324 0
1710244773627 0.324 0
1710244773650 0.324 0
1710244773681 0.324 0
1710244773713 0.324 0
1710244773746 0.324 0
1710244773773 0.324 0
1710244773803 0.324 0
1710244773831 0.324 0
1710244773860 0.324 0
1710244773891 0.324 0
1710244774181 0.324 0
1710244774203 0.324 0
1710244774228 0.324 0
1710244774252 0.324 0
1710244774275 0.324 0
1710244774304 0.324 0
1710244774333 0.324 0
1710244774364 0.324 0
1710244774393 0.324 0
1710244774421 0.324 0
1710244774596 0.324 0
1710244774622 0.324 0
1710244774649 0.324 0
1710244774682 0.324 0
1710244774714 0.324 0
1710244774748 0.324 0
1710244774777 0.324 0
1710244774803 0.324 0
1710244774831 0.324 0
1710244774859 0.324 0
1710244775057 0.324 0
1710244775087 0.324 0
1710244775115 0.324 0
1710244775138 0.324 0
1710244775168 0.324 0
1710244775203 0.324 0
1710244775244 0.324 0
1710244775279 0.324 0
1710244775311 0.324 0
1710244775339 0.324 0
1710244775554 0.324 0
1710244775598 0.324 0
1710244775656 0.324 0
1710244775724 0.324 0
1710244775769 0.324 0
1710244775806 0.324 0
1710244775852 0.324 0
1710244775891 0.324 0
1710244775932 0.324 0
1710244775971 0.324 0
1710244776246 0.324 0
1710244776283 0.324 0
1710244776324 0.324 0
1710244776376 0.324 0
1710244776457 0.324 0
1710244776508 0.324 0
1710244776562 0.324 0
1710244776606 0.324 0
1710244776645 0.324 0
1710244776685 0.324 0
1710244776962 0.324 0
1710244776999 0.324 0
1710244777039 0.324 0
1710244777084 0.324 0
1710244777127 0.324 0
1710244777178 0.324 0
1710244777223 0.324 0
1710244777265 0.324 0
1710244777307 0.324 0
1710244777351 0.324 0
1710244777623 0.324 0
1710244777682 0.324 0
1710244777738 0.324 0
1710244777786 0.324 0
1710244777820 0.324 0
1710244777852 0.324 0
1710244777887 0.324 0
1710244777922 0.324 0
1710244777956 0.324 0
1710244777986 0.324 0
1710244778229 0.324 0
1710244778256 0.324 0
1710244778295 0.324 0
1710244778334 0.324 0
1710244778368 0.324 0
1710244778406 0.324 0
1710244778444 0.324 0
1710244778472 0.324 0
1710244778503 0.324 0
1710244778540 0.324 0
1710244778840 0.324 0
1710244778894 0.324 0
1710244778941 0.324 0
1710244778987 0.324 0
1710244779026 0.324 0
1710244779057 0.324 0
1710244779090 0.324 0
1710244779125 0.324 0
1710244779161 0.324 0
1710244779200 0.324 0
1710244779472 0.324 0
1710244779507 0.324 0
1710244779545 0.324 0
1710244779587 0.324 0
1710244779621 0.324 0
1710244779656 0.324 0
1710244779687 0.324 0
1710244779720 0.324 0
1710244779755 0.324 0
1710244779786 0.324 0
1710244780051 0.324 0
1710244780109 0.324 0
1710244780160 0.324 0
1710244780204 0.324 0
1710244780240 0.324 0
1710244780272 0.324 0
1710244780316 0.324 0
1710244780354 0.324 0
1710244780388 0.324 0
1710244780421 0.324 0
1710244780637 0.324 0
1710244780672 0.324 0
1710244780708 0.324 0
1710244780753 0.324 0
1710244780788 0.324 0
1710244780821 0.324 0
1710244780862 0.324 0
1710244780898 0.324 0
1710244780933 0.324 0
1710244780969 0.324 0
1710244781241 0.324 0
1710244781287 0.324 0
1710244781337 0.324 0
1710244781392 0.324 0
1710244781435 0.324 0
1710244781470 0.324 0
1710244781504 0.324 0
1710244781541 0.324 0
1710244781583 0.324 0
1710244781621 0.324 0
1710244781871 0.324 0
1710244781901 0.324 0
1710244781935 0.324 0
1710244781973 0.324 0
1710244782005 0.324 0
1710244782070 0.324 0
1710244782139 0.324 0
1710244782185 0.324 0
1710244782221 0.324 0
1710244782252 0.324 0
1710244782538 0.324 0
1710244782578 0.324 0
1710244782616 0.324 0
1710244782655 0.324 0
1710244782693 0.324 0
1710244782731 0.324 0
1710244782767 0.324 0
1710244782803 0.324 0
1710244782840 0.324 0
1710244782870 0.324 0
1710244783141 0.324 0
1710244783187 0.324 0
1710244783239 0.324 0
1710244783303 0.324 0
1710244783345 0.324 0
1710244783385 0.324 0
1710244783420 0.324 0
1710244783460 0.324 0
1710244783490 0.324 0
1710244783534 0.324 0
1710244783876 0.324 0
1710244783906 0.324 0
1710244783937 0.324 0
1710244783974 0.324 0
1710244784015 0.324 0
1710244784052 0.324 0
1710244784087 0.324 0
1710244784125 0.324 0
1710244784166 0.324 0
1710244784203 0.324 0
1710244784453 0.324 0
1710244784485 0.324 0
1710244784519 0.324 0
1710244784555 0.324 0
1710244784592 0.324 0
1710244784634 0.324 0
1710244784669 0.324 0
1710244784703 0.324 0
1710244784738 0.324 0
1710244784783 0.324 0
1710244785096 0.324 0
1710244785124 0.324 0
1710244785163 0.324 0
1710244785202 0.324 0
1710244785237 0.324 0
1710244785276 0.324 0
1710244785314 0.324 0
1710244785354 0.324 0
1710244785396 0.324 0
1710244785435 0.324 0
1710244785677 0.324 0
1710244785704 0.324 0
1710244785742 0.324 0
1710244785780 0.324 0
1710244785821 0.324 0
1710244785873 0.324 0
1710244785920 0.324 0
1710244785962 0.324 0
1710244786001 0.324 0
1710244786042 0.324 0
1710244786338 0.324 0
1710244786370 0.324 0
1710244786410 0.324 0
1710244786441 0.324 0
1710244786473 0.324 0
1710244786514 0.324 0
1710244786550 0.324 0
1710244786586 0.324 0
1710244786628 0.324 0
1710244786667 0.324 0
1710244786943 0.324 0
1710244786974 0.324 0
1710244787001 0.324 0
1710244787032 0.324 0
1710244787057 0.324 0
1710244787080 0.324 0
1710244787106 0.324 0
1710244787135 0.324 0
1710244787161 0.324 0
1710244787183 0.324 0
1710244787406 0.324 0
1710244787429 0.324 0
1710244787461 0.324 0
1710244787495 0.324 0
1710244787518 0.324 0
1710244787542 0.324 0
1710244787569 0.324 0
1710244787597 0.324 0
1710244787624 0.324 0
1710244787655 0.324 0
1710244787851 0.324 0
1710244787877 0.324 0
1710244787910 0.324 0
1710244787940 0.324 0
1710244787972 0.324 0
1710244788002 0.324 0
1710244788031 0.324 0
1710244788060 0.324 0
1710244788093 0.324 0
1710244788120 0.324 0
1710244788357 0.324 0
1710244788396 0.324 0
1710244788441 0.324 0
1710244788483 0.324 0
1710244788518 0.324 0
1710244788549 0.324 0
1710244788578 0.324 0
1710244788606 0.324 0
1710244788640 0.324 0
1710244788671 0.324 0
1710244788915 0.324 0
1710244788947 0.324 0
1710244788985 0.324 0
1710244789020 0.324 0
1710244789049 0.324 0
1710244789084 0.324 0
1710244789119 0.324 0
1710244789173 0.324 0
1710244789217 0.324 0
1710244789263 0.324 0
1710244789612 0.324 0
1710244789675 0.324 0
1710244789724 0.324 0
1710244789768 0.324 0
1710244789808 0.324 0
1710244789849 0.324 0
1710244789889 0.324 0
1710244789924 0.324 0
1710244789962 0.324 0
1710244789999 0.324 0
1710244790249 0.324 0
1710244790280 0.324 0
1710244790314 0.324 0
1710244790348 0.324 0
1710244790378 0.324 0
1710244790412 0.324 0
1710244790449 0.324 0
1710244790502 0.324 0
1710244790569 0.324 0
1710244790631 0.324 0
1710244790955 0.324 0
1710244791001 0.324 0
1710244791033 0.324 0
1710244791071 0.324 0
1710244791114 0.324 0
1710244791149 0.324 0
1710244791183 0.324 0
1710244791216 0.324 0
1710244791251 0.324 0
1710244791288 0.324 0
1710244791590 0.324 0
1710244791634 0.324 0
1710244791672 0.324 0
1710244791710 0.324 0
1710244791749 0.324 0
1710244791785 0.324 0
1710244791820 0.324 0
1710244791853 0.324 0
1710244791887 0.324 0
1710244791934 0.324 0
1710244792326 0.324 0
1710244792364 0.324 0
1710244792406 0.324 0
1710244792455 0.324 0
1710244792497 0.324 0
1710244792535 0.324 0
1710244792570 0.324 0
1710244792617 0.324 0
1710244792658 0.324 0
1710244792694 0.324 0
1710244792906 0.324 0
1710244792936 0.324 0
1710244792963 0.324 0
1710244792989 0.324 0
1710244793019 0.324 0
1710244793051 0.324 0
1710244793080 0.324 0
1710244793106 0.324 0
1710244793143 0.324 0
1710244793175 0.324 0
1710244793422 0.324 0
1710244793445 0.324 0
1710244793475 0.324 0
1710244793508 0.324 0
1710244793541 0.324 0
1710244793572 0.324 0
1710244793604 0.324 0
1710244793632 0.324 0
1710244793665 0.324 0
1710244793700 0.324 0
1710244793918 0.324 0
1710244793974 0.324 0
1710244794019 0.324 0
1710244794060 0.324 0
1710244794099 0.324 0
1710244794129 0.324 0
1710244794159 0.324 0
1710244794187 0.324 0
1710244794219 0.324 0
1710244794247 0.324 0
1710244794474 0.324 0
1710244794509 0.324 0
1710244794545 0.324 0
1710244794581 0.324 0
1710244794611 0.324 0
1710244794645 0.324 0
1710244794680 0.324 0
1710244794706 0.324 0
1710244794740 0.324 0
1710244794766 0.324 0
1710244794954 0.324 0
1710244794993 0.324 0
1710244795032 0.324 0
1710244795070 0.324 0
1710244795115 0.324 0
1710244795158 0.324 0
1710244795194 0.324 0
1710244795222 0.324 0
1710244795249 0.324 0
1710244795281 0.324 0
1710244795481 0.324 0
1710244795512 0.324 0
1710244795541 0.324 0
1710244795581 0.324 0
1710244795621 0.324 0
1710244795662 0.324 0
1710244795700 0.324 0
1710244795731 0.324 0
1710244795761 0.324 0
1710244795792 0.324 0
1710244796002 0.324 0
1710244796029 0.324 0
1710244796057 0.324 0
1710244796088 0.324 0
1710244796123 0.324 0
1710244796154 0.324 0
1710244796185 0.324 0
1710244796217 0.324 0
1710244796246 0.324 0
1710244796279 0.324 0
1710244796459 0.324 0
1710244796492 0.324 0
1710244796527 0.324 0
1710244796580 0.324 0
1710244796631 0.324 0
1710244796673 0.324 0
1710244796717 0.324 0
1710244796775 0.324 0
1710244796826 0.324 0
1710244796872 0.324 0
1710244797049 0.324 0
1710244797081 0.324 0
1710244797109 0.324 0
1710244797140 0.324 0
1710244797169 0.324 0
1710244797194 0.324 0
1710244797222 0.324 0
1710244797247 0.324 0
1710244797278 0.324 0
1710244797306 0.324 0
1710244797481 0.324 0
1710244797512 0.324 0
1710244797536 0.324 0
1710244797565 0.324 0
1710244797594 0.324 0
1710244797627 0.324 0
1710244797653 0.324 0
1710244797684 0.324 0
1710244797709 0.324 0
1710244797740 0.324 0
1710244797914 0.324 0
1710244797952 0.324 0
1710244797989 0.324 0
1710244798019 0.324 0
1710244798048 0.324 0
1710244798071 0.324 0
1710244798095 0.324 0
1710244798133 0.324 0
1710244798167 0.324 0
1710244798195 0.324 0
1710244798382 0.324 0
1710244798406 0.324 0
1710244798430 0.324 0
1710244798455 0.324 0
1710244798483 0.324 0
1710244798514 0.324 0
1710244798544 0.324 0
1710244798577 0.324 0
1710244798602 0.324 0
1710244798633 0.324 0
1710244798831 0.324 0
1710244798856 0.324 0
1710244798882 0.324 0
1710244798909 0.324 0
1710244798933 0.324 0
1710244798962 0.324 0
1710244798988 0.324 0
1710244799016 0.324 0
1710244799054 0.324 0
1710244799091 0.324 0
1710244799313 0.324 0
1710244799342 0.324 0
1710244799373 0.324 0
1710244799401 0.324 0
1710244799429 0.324 0
1710244799454 0.324 0
1710244799477 0.324 0
1710244799501 0.324 0
1710244799529 0.324 0
1710244799556 0.324 0
1710244799723 0.324 0
1710244799757 0.324 0
1710244799785 0.324 0
1710244799811 0.324 0
1710244799839 0.324 0
1710244799862 0.324 0
1710244799888 0.324 0
1710244799911 0.324 0
1710244799937 0.324 0
1710244799964 0.324 0
1710244800153 0.324 0
1710244800184 0.324 0
1710244800214 0.324 0
1710244800259 0.324 0
1710244800294 0.324 0
1710244800327 0.324 0
1710244800352 0.324 0
1710244800377 0.324 0
1710244800409 0.324 0
1710244800431 0.324 0
1710244800574 0.324 0
1710244800604 0.324 0
1710244800633 0.324 0
1710244800659 0.324 0
1710244800684 0.324 0
1710244800714 0.324 0
1710244800741 0.324 0
1710244800766 0.324 0
1710244800795 0.324 0
1710244800825 0.324 0
1710244800992 0.324 0
1710244801016 0.324 0
1710244801045 0.324 0
1710244801075 0.324 0
1710244801102 0.324 0
1710244801135 0.324 0
1710244801163 0.324 0
1710244801188 0.324 0
1710244801220 0.324 0
1710244801253 0.324 0
1710244801454 0.324 0
1710244801476 0.324 0
1710244801500 0.324 0
1710244801534 0.324 0
1710244801576 0.324 0
1710244801616 0.324 0
1710244801659 0.324 0
1710244801699 0.324 0
1710244801741 0.324 0
1710244801783 0.324 0
1710244802022 0.324 0
1710244802045 0.324 0
1710244802074 0.324 0
1710244802106 0.324 0
1710244802159 0.324 0
1710244802197 0.324 0
1710244802237 0.324 0
1710244802264 0.324 0
1710244802294 0.324 0
1710244802324 0.324 0
1710244802521 0.324 0
1710244802555 0.324 0
1710244802584 0.324 0
1710244802612 0.324 0
1710244802639 0.324 0
1710244802664 0.324 0
1710244802691 0.324 0
1710244802719 0.324 0
1710244802747 0.324 0
1710244802773 0.324 0
1710244802961 0.324 0
1710244802991 0.324 0
1710244803018 0.324 0
1710244803043 0.324 0
1710244803077 0.324 0
1710244803110 0.324 0
1710244803134 0.324 0
1710244803160 0.324 0
1710244803191 0.324 0
1710244803218 0.324 0
1710244803394 0.324 0
1710244803418 0.324 0
1710244803448 0.324 0
1710244803473 0.324 0
1710244803504 0.324 0
1710244803538 0.324 0
1710244803567 0.324 0
1710244803596 0.324 0
1710244803636 0.324 0
1710244803675 0.324 0
1710244803857 0.324 0
1710244803886 0.324 0
1710244803916 0.324 0
1710244803940 0.324 0
1710244803966 0.324 0
1710244803990 0.324 0
1710244804015 0.324 0
1710244804044 0.324 0
1710244804068 0.324 0
1710244804102 0.324 0
1710244804292 0.324 0
1710244804321 0.324 0
1710244804346 0.324 0
1710244804377 0.324 0
1710244804402 0.324 0
1710244804425 0.324 0
1710244804458 0.324 0
1710244804491 0.324 0
1710244804518 0.324 0
1710244804552 0.324 0
1710244804721 0.324 0
1710244804759 0.324 0
1710244804797 0.324 0
1710244804834 0.324 0
1710244804867 0.324 0
1710244804897 0.324 0
1710244804920 0.324 0
1710244804947 0.324 0
1710244804978 0.324 0
1710244805005 0.324 0
1710244805175 0.324 0
1710244805201 0.324 0
1710244805224 0.324 0
1710244805246 0.324 0
1710244805268 0.324 0
1710244805289 0.324 0
1710244805320 0.324 0
1710244805349 0.324 0
1710244805376 0.324 0
1710244805409 0.324 0
1710244805574 0.324 0
1710244805604 0.324 0
1710244805630 0.324 0
1710244805658 0.324 0
1710244805681 0.324 0
1710244805711 0.324 0
1710244805738 0.324 0
1710244805766 0.324 0
1710244805795 0.324 0
1710244805824 0.324 0
1710244806053 0.324 0
1710244806077 0.324 0
1710244806106 0.324 0
1710244806132 0.324 0
1710244806160 0.324 0
1710244806195 0.324 0
1710244806224 0.324 0
1710244806252 0.324 0
1710244806277 0.324 0
1710244806302 0.324 0
1710244806479 0.324 0
1710244806509 0.324 0
1710244806534 0.324 0
1710244806559 0.324 0
1710244806590 0.324 0
1710244806622 0.324 0
1710244806646 0.324 0
1710244806670 0.324 0
1710244806698 0.324 0
1710244806728 0.324 0
1710244806913 0.324 0
1710244806946 0.324 0
1710244806979 0.324 0
1710244807004 0.324 0
1710244807041 0.324 0
1710244807078 0.324 0
1710244807119 0.324 0
1710244807157 0.324 0
1710244807187 0.324 0
1710244807214 0.324 0
1710244807406 0.324 0
1710244807437 0.324 0
1710244807464 0.324 0
1710244807499 0.324 0
1710244807524 0.324 0
1710244807550 0.324 0
1710244807577 0.324 0
1710244807602 0.324 0
1710244807626 0.324 0
1710244807653 0.324 0
1710244807816 0.324 0
1710244807843 0.324 0
1710244807868 0.324 0
1710244807892 0.324 0
1710244807917 0.324 0
1710244807947 0.324 0
1710244807972 0.324 0
1710244807994 0.324 0
1710244808022 0.324 0
1710244808056 0.324 0
1710244808248 0.324 0
1710244808283 0.324 0
1710244808309 0.324 0
1710244808344 0.324 0
1710244808372 0.324 0
1710244808403 0.324 0
1710244808432 0.324 0
1710244808456 0.324 0
1710244808486 0.324 0
1710244808515 0.324 0
1710244808695 0.324 0
1710244808720 0.324 0
1710244808748 0.324 0
1710244808774 0.324 0
1710244808798 0.324 0
1710244808830 0.324 0
1710244808854 0.324 0
1710244808885 0.324 0
1710244808909 0.324 0
1710244808940 0.324 0
1710244809126 0.324 0
1710244809160 0.324 0
1710244809195 0.324 0
1710244809229 0.324 0
1710244809258 0.324 0
1710244809284 0.324 0
1710244809341 0.324 0
1710244809382 0.324 0
1710244809421 0.324 0
1710244809459 0.324 0
1710244809694 0.324 0
1710244809719 0.324 0
1710244809746 0.324 0
1710244809780 0.324 0
1710244809808 0.324 0
1710244809835 0.324 0
1710244809864 0.324 0
1710244809892 0.324 0
1710244809922 0.324 0
1710244809951 0.324 0
1710244810120 0.324 0
1710244810154 0.324 0
1710244810187 0.324 0
1710244810236 0.324 0
1710244810272 0.324 0
1710244810301 0.324 0
1710244810327 0.324 0
1710244810358 0.324 0
1710244810387 0.324 0
1710244810416 0.324 0
1710244810635 0.324 0
1710244810660 0.324 0
1710244810689 0.324 0
1710244810715 0.324 0
1710244810743 0.324 0
1710244810772 0.324 0
1710244810795 0.324 0
1710244810829 0.324 0
1710244810861 0.324 0
1710244810902 0.324 0
1710244811181 0.324 0
1710244811246 0.324 0
1710244811293 0.324 0
1710244811340 0.324 0
1710244811380 0.324 0
1710244811425 0.324 0
1710244811461 0.324 0
1710244811498 0.324 0
1710244811537 0.324 0
1710244811573 0.324 0
1710244811808 0.324 0
1710244811832 0.324 0
1710244811858 0.324 0
1710244811886 0.324 0
1710244811913 0.324 0
1710244811953 0.324 0
1710244811978 0.324 0
1710244812008 0.324 0
1710244812036 0.324 0
1710244812064 0.324 0
1710244812236 0.324 0
1710244812271 0.324 0
1710244812300 0.324 0
1710244812333 0.324 0
1710244812370 0.324 0
1710244812403 0.324 0
1710244812440 0.324 0
1710244812475 0.324 0
1710244812510 0.324 0
1710244812544 0.324 0
1710244812750 0.324 0
1710244812789 0.324 0
1710244812825 0.324 0
1710244812867 0.324 0
1710244812909 0.324 0
1710244812944 0.324 0
1710244812974 0.324 0
1710244813006 0.324 0
1710244813035 0.324 0
1710244813072 0.324 0
1710244813258 0.324 0
1710244813283 0.324 0
1710244813313 0.324 0
1710244813339 0.324 0
1710244813371 0.324 0
1710244813397 0.324 0
1710244813424 0.324 0
1710244813449 0.324 0
1710244813475 0.324 0
1710244813501 0.324 0
1710244813687 0.324 0
1710244813713 0.324 0
1710244813737 0.324 0
1710244813764 0.324 0
1710244813797 0.324 0
1710244813821 0.324 0
1710244813847 0.324 0
1710244813871 0.324 0
1710244813896 0.324 0
1710244813930 0.324 0
1710244814134 0.324 0
1710244814162 0.324 0
1710244814192 0.324 0
1710244814218 0.324 0
1710244814246 0.324 0
1710244814274 0.324 0
1710244814297 0.324 0
1710244814327 0.324 0
1710244814351 0.324 0
1710244814375 0.324 0
1710244814552 0.324 0
1710244814580 0.324 0
1710244814612 0.324 0
1710244814644 0.324 0
1710244814671 0.324 0
1710244814696 0.324 0
1710244814728 0.324 0
1710244814767 0.324 0
1710244814795 0.324 0
1710244814826 0.324 0
1710244814998 0.324 0
1710244815036 0.324 0
1710244815070 0.324 0
1710244815102 0.324 0
1710244815138 0.324 0
1710244815173 0.324 0
1710244815206 0.324 0
1710244815234 0.324 0
1710244815264 0.324 0
1710244815290 0.324 0
1710244815470 0.324 0
1710244815493 0.324 0
1710244815519 0.324 0
1710244815547 0.324 0
1710244815571 0.324 0
1710244815593 0.324 0
1710244815622 0.324 0
1710244815655 0.324 0
1710244815693 0.324 0
1710244815725 0.324 0
1710244815921 0.324 0
1710244815956 0.324 0
1710244815985 0.324 0
1710244816011 0.324 0
1710244816040 0.324 0
1710244816068 0.324 0
1710244816099 0.324 0
1710244816129 0.324 0
1710244816166 0.324 0
1710244816207 0.324 0
1710244816410 0.324 0
1710244816442 0.324 0
1710244816473 0.324 0
1710244816506 0.324 0
1710244816533 0.324 0
1710244816565 0.324 0
1710244816596 0.324 0
1710244816629 0.324 0
1710244816658 0.324 0
1710244816683 0.324 0
1710244816857 0.324 0
1710244816884 0.324 0
1710244816912 0.324 0
1710244816936 0.324 0
1710244816962 0.324 0
1710244816991 0.324 0
1710244817026 0.324 0
1710244817061 0.324 0
1710244817094 0.324 0
1710244817123 0.324 0
1710244817316 0.324 0
1710244817343 0.324 0
1710244817373 0.324 0
1710244817407 0.324 0
1710244817438 0.324 0
1710244817471 0.324 0
1710244817517 0.324 0
1710244817562 0.324 0
1710244817596 0.324 0
1710244817625 0.324 0
1710244817813 0.324 0
1710244817843 0.324 0
1710244817871 0.324 0
1710244817901 0.324 0
1710244817929 0.324 0
1710244817960 0.324 0
1710244817997 0.324 0
1710244818035 0.324 0
1710244818070 0.324 0
1710244818104 0.324 0
1710244818283 0.324 0
1710244818319 0.324 0
1710244818353 0.324 0
1710244818422 0.324 0
1710244818461 0.324 0
1710244818495 0.324 0
1710244818531 0.324 0
1710244818564 0.324 0
1710244818601 0.324 0
1710244818648 0.324 0
1710244818839 0.324 0
1710244818864 0.324 0
1710244818889 0.324 0
1710244818920 0.324 0
1710244818951 0.324 0
1710244818974 0.324 0
1710244818999 0.324 0
1710244819026 0.324 0
1710244819055 0.324 0
1710244819082 0.324 0
1710244819259 0.324 0
1710244819287 0.324 0
1710244819313 0.324 0
1710244819339 0.324 0
1710244819369 0.324 0
1710244819399 0.324 0
1710244819426 0.324 0
1710244819455 0.324 0
1710244819481 0.324 0
1710244819512 0.324 0
1710244819696 0.324 0
1710244819723 0.324 0
1710244819753 0.324 0
1710244819781 0.324 0
1710244819810 0.324 0
1710244819836 0.324 0
1710244819867 0.324 0
1710244819898 0.324 0
1710244819935 0.324 0
1710244819963 0.324 0
1710244820137 0.324 0
1710244820166 0.324 0
1710244820193 0.324 0
1710244820215 0.324 0
1710244820243 0.324 0
1710244820267 0.324 0
1710244820290 0.324 0
1710244820316 0.324 0
1710244820350 0.324 0
1710244820373 0.324 0
1710244820556 0.324 0
1710244820579 0.324 0
1710244820603 0.324 0
1710244820628 0.324 0
1710244820658 0.324 0
1710244820685 0.324 0
1710244820709 0.324 0
1710244820748 0.324 0
1710244820785 0.324 0
1710244820818 0.324 0
1710244821027 0.324 0
1710244821058 0.324 0
1710244821089 0.324 0
1710244821116 0.324 0
1710244821141 0.324 0
1710244821165 0.324 0
1710244821191 0.324 0
1710244821214 0.324 0
1710244821247 0.324 0
1710244821275 0.324 0
1710244821443 0.324 0
1710244821470 0.324 0
1710244821495 0.324 0
1710244821525 0.324 0
1710244821548 0.324 0
1710244821573 0.324 0
1710244821601 0.324 0
1710244821634 0.324 0
1710244821664 0.324 0
1710244821697 0.324 0
1710244821878 0.324 0
1710244821909 0.324 0
1710244821942 0.324 0
1710244821973 0.324 0
1710244822008 0.324 0
1710244822047 0.324 0
1710244822078 0.324 0
1710244822112 0.324 0
1710244822137 0.324 0
1710244822163 0.324 0
1710244822337 0.324 0
1710244822367 0.324 0
1710244822397 0.324 0
1710244822425 0.324 0
1710244822454 0.324 0
1710244822478 0.324 0
1710244822508 0.324 0
1710244822534 0.324 0
1710244822564 0.324 0
1710244822592 0.324 0
1710244822765 0.324 0
1710244822791 0.324 0
1710244822822 0.324 0
1710244822847 0.324 0
1710244822877 0.324 0
1710244822906 0.324 0
1710244822935 0.324 0
1710244822965 0.324 0
1710244823000 0.324 0
1710244823031 0.324 0
1710244823241 0.324 0
1710244823271 0.324 0
1710244823305 0.324 0
1710244823330 0.324 0
1710244823356 0.324 0
1710244823383 0.324 0
1710244823411 0.324 0
1710244823438 0.324 0
1710244823463 0.324 0
1710244823494 0.324 0
1710244823685 0.324 0
1710244823718 0.324 0
1710244823741 0.324 0
1710244823773 0.324 0
1710244823799 0.324 0
1710244823828 0.324 0
1710244823851 0.324 0
1710244823882 0.324 0
1710244823914 0.324 0
1710244823948 0.324 0
1710244824157 0.324 0
1710244824189 0.324 0
1710244824223 0.324 0
1710244824257 0.324 0
1710244824293 0.324 0
1710244824329 0.324 0
1710244824362 0.324 0
1710244824392 0.324 0
1710244824416 0.324 0
1710244824450 0.324 0
1710244824635 0.324 0
1710244824670 0.324 0
1710244824702 0.324 0
1710244824729 0.324 0
1710244824760 0.324 0
1710244824786 0.324 0
1710244824813 0.324 0
1710244824843 0.324 0
1710244824878 0.324 0
1710244824912 0.324 0
1710244825119 0.324 0
1710244825152 0.324 0
1710244825179 0.324 0
1710244825209 0.324 0
1710244825245 0.324 0
1710244825279 0.324 0
1710244825311 0.324 0
1710244825346 0.324 0
1710244825380 0.324 0
1710244825413 0.324 0
1710244825620 0.324 0
1710244825651 0.324 0
1710244825674 0.324 0
1710244825697 0.324 0
1710244825722 0.324 0
1710244825748 0.324 0
1710244825775 0.324 0
1710244825803 0.324 0
1710244825834 0.324 0
1710244825861 0.324 0
1710244826050 0.324 0
1710244826081 0.324 0
1710244826113 0.324 0
1710244826145 0.324 0
1710244826175 0.324 0
1710244826209 0.324 0
1710244826243 0.324 0
1710244826275 0.324 0
1710244826301 0.324 0
1710244826324 0.324 0
1710244826515 0.324 0
1710244826547 0.324 0
1710244826579 0.324 0
1710244826611 0.324 0
1710244826644 0.324 0
1710244826676 0.324 0
1710244826704 0.324 0
1710244826735 0.324 0
1710244826766 0.324 0
1710244826792 0.324 0
1710244826969 0.324 0
1710244826995 0.324 0
1710244827022 0.324 0
1710244827051 0.324 0
1710244827080 0.324 0
1710244827104 0.324 0
1710244827134 0.324 0
1710244827163 0.324 0
1710244827195 0.324 0
1710244827225 0.324 0
1710244827405 0.324 0
1710244827433 0.324 0
1710244827463 0.324 0
1710244827498 0.324 0
1710244827533 0.324 0
1710244827565 0.324 0
1710244827599 0.324 0
1710244827633 0.324 0
1710244827664 0.324 0
1710244827703 0.324 0
1710244827895 0.324 0
1710244827930 0.324 0
1710244827961 0.324 0
1710244827985 0.324 0
1710244828015 0.324 0
1710244828043 0.324 0
1710244828070 0.324 0
1710244828096 0.324 0
1710244828127 0.324 0
1710244828153 0.324 0
1710244828334 0.324 0
1710244828363 0.324 0
1710244828399 0.324 0
1710244828436 0.324 0
1710244828466 0.324 0
1710244828501 0.324 0
1710244828540 0.324 0
1710244828579 0.324 0
1710244828617 0.324 0
1710244828658 0.324 0
1710244828947 0.324 0
1710244828975 0.324 0
1710244829009 0.324 0
1710244829048 0.324 0
1710244829089 0.324 0
1710244829124 0.324 0
1710244829163 0.324 0
1710244829226 0.324 0
1710244829302 0.324 0
1710244829346 0.324 0
1710244829552 0.324 0
1710244829583 0.324 0
1710244829615 0.324 0
1710244829640 0.324 0
1710244829671 0.324 0
1710244829701 0.324 0
1710244829727 0.324 0
1710244829759 0.324 0
1710244829791 0.324 0
1710244829826 0.324 0
1710244830043 0.324 0
1710244830071 0.324 0
1710244830094 0.324 0
1710244830122 0.324 0
1710244830156 0.324 0
1710244830185 0.324 0
1710244830210 0.324 0
1710244830237 0.324 0
1710244830267 0.324 0
1710244830300 0.324 0
1710244830526 0.324 0
1710244830551 0.324 0
1710244830583 0.324 0
1710244830620 0.324 0
1710244830650 0.324 0
1710244830684 0.324 0
1710244830716 0.324 0
1710244830751 0.324 0
1710244830786 0.324 0
1710244830820 0.324 0
1710244831049 0.324 0
1710244831092 0.324 0
1710244831138 0.324 0
1710244831182 0.324 0
1710244831215 0.324 0
1710244831246 0.324 0
1710244831270 0.324 0
1710244831302 0.324 0
1710244831331 0.324 0
1710244831354 0.324 0
1710244831550 0.324 0
1710244831580 0.324 0
1710244831604 0.324 0
1710244831640 0.324 0
1710244831671 0.324 0
1710244831697 0.324 0
1710244831727 0.324 0
1710244831756 0.324 0
1710244831787 0.324 0
1710244831820 0.324 0
1710244832193 0.324 0
1710244832225 0.324 0
1710244832267 0.324 0
1710244832310 0.324 0
1710244832371 0.324 0
1710244832439 0.324 0
1710244832500 0.324 0
1710244832559 0.324 0
1710244832608 0.324 0
1710244832669 0.324 0
1710244832938 0.324 0
1710244832962 0.324 0
1710244832993 0.324 0
1710244833029 0.324 0
1710244833060 0.324 0
1710244833093 0.324 0
1710244833122 0.324 0
1710244833156 0.324 0
1710244833184 0.324 0
1710244833207 0.324 0
1710244833416 0.324 0
1710244833447 0.324 0
1710244833476 0.324 0
1710244833510 0.324 0
1710244833544 0.324 0
1710244833571 0.324 0
1710244833601 0.324 0
1710244833627 0.324 0
1710244833658 0.324 0
1710244833688 0.324 0
1710244833949 0.324 0
1710244833975 0.324 0
1710244834006 0.32366666666666666 0
1710244834033 0.32366666666666666 0
1710244834064 0.32366666666666666 0
1710244834089 0.32366666666666666 0
1710244834118 0.32366666666666666 0
1710244834145 0.32366666666666666 0
1710244834168 0.32366666666666666 0
1710244834193 0.32366666666666666 0
1710244834404 0.32366666666666666 0
1710244834432 0.32366666666666666 0
1710244834462 0.32366666666666666 0
1710244834492 0.32366666666666666 0
1710244834515 0.32366666666666666 0
1710244834558 0.32366666666666666 0
1710244834603 0.32366666666666666 0
1710244834640 0.32366666666666666 0
1710244834673 0.32366666666666666 0
1710244834709 0.32366666666666666 0
1710244834910 0.32366666666666666 0
1710244834943 0.32366666666666666 0
1710244834971 0.32366666666666666 0
1710244835003 0.32366666666666666 0
1710244835053 0.32366666666666666 0
1710244835079 0.32366666666666666 0
1710244835116 0.32366666666666666 0
1710244835148 0.32366666666666666 0
1710244835183 0.32366666666666666 0
1710244835218 0.32366666666666666 0
1710244835439 0.32366666666666666 0
1710244835465 0.32366666666666666 0
1710244835497 0.32366666666666666 0
1710244835529 0.32366666666666666 0
1710244835558 0.32366666666666666 0
1710244835597 0.32366666666666666 0
1710244835632 0.32366666666666666 0
1710244835664 0.32366666666666666 0
1710244835702 0.32366666666666666 0
1710244835738 0.32366666666666666 0
1710244835956 0.32366666666666666 0
1710244835985 0.32366666666666666 0
1710244836015 0.32366666666666666 0
1710244836047 0.32366666666666666 0
1710244836082 0.32366666666666666 0
1710244836116 0.32366666666666666 0
1710244836151 0.32366666666666666 0
1710244836185 0.32366666666666666 0
1710244836220 0.32366666666666666 0
1710244836253 0.32366666666666666 0
1710244836481 0.32366666666666666 0
1710244836515 0.32366666666666666 0
1710244836549 0.32366666666666666 0
1710244836584 0.32366666666666666 0
1710244836615 0.32366666666666666 0
1710244836645 0.32366666666666666 0
1710244836682 0.32366666666666666 0
1710244836719 0.32366666666666666 0
1710244836750 0.32366666666666666 0
1710244836782 0.32366666666666666 0
1710244837003 0.32366666666666666 0
1710244837025 0.32366666666666666 0
1710244837053 0.32366666666666666 0
1710244837078 0.32366666666666666 0
1710244837101 0.32366666666666666 0
1710244837128 0.32366666666666666 0
1710244837158 0.32366666666666666 0
1710244837185 0.32366666666666666 0
1710244837210 0.32366666666666666 0
1710244837235 0.32366666666666666 0
1710244837404 0.32366666666666666 0
1710244837434 0.32366666666666666 0
1710244837458 0.32366666666666666 0
1710244837482 0.32366666666666666 0
1710244837515 0.32366666666666666 0
1710244837548 0.32366666666666666 0
1710244837572 0.32366666666666666 0
1710244837595 0.32366666666666666 0
1710244837625 0.32366666666666666 0
1710244837654 0.32366666666666666 0
1710244837837 0.32366666666666666 0
1710244837864 0.32366666666666666 0
1710244837891 0.32366666666666666 0
1710244837921 0.32366666666666666 0
1710244837947 0.32366666666666666 0
1710244837976 0.32366666666666666 0
1710244838014 0.32366666666666666 0
1710244838052 0.32366666666666666 0
1710244838093 0.32366666666666666 0
1710244838141 0.32366666666666666 0
1710244838420 0.32366666666666666 0
1710244838460 0.32366666666666666 0
1710244838497 0.32366666666666666 0
1710244838528 0.32366666666666666 0
1710244838560 0.32366666666666666 0
1710244838594 0.32366666666666666 0
1710244838632 0.32366666666666666 0
1710244838667 0.32366666666666666 0
1710244838704 0.32366666666666666 0
1710244838738 0.32366666666666666 0
1710244838953 0.32366666666666666 0
1710244838989 0.32366666666666666 0
1710244839030 0.32366666666666666 0
1710244839068 0.32366666666666666 0
1710244839098 0.32366666666666666 0
1710244839132 0.32366666666666666 0
1710244839168 0.32366666666666666 0
1710244839206 0.32366666666666666 0
1710244839241 0.32366666666666666 0
1710244839276 0.32366666666666666 0
1710244839500 0.32366666666666666 0
1710244839527 0.32366666666666666 0
1710244839556 0.32366666666666666 0
1710244839585 0.32366666666666666 0
1710244839645 0.32366666666666666 0
1710244839699 0.32366666666666666 0
1710244839726 0.32366666666666666 0
1710244839758 0.32366666666666666 0
1710244839791 0.32366666666666666 0
1710244839818 0.32366666666666666 0
1710244840035 0.32366666666666666 0
1710244840062 0.32366666666666666 0
1710244840090 0.32366666666666666 0
1710244840124 0.32366666666666666 0
1710244840159 0.32366666666666666 0
1710244840187 0.32366666666666666 0
1710244840210 0.32366666666666666 0
1710244840239 0.32366666666666666 0
1710244840266 0.32366666666666666 0
1710244840305 0.32366666666666666 0
1710244840548 0.32366666666666666 0
1710244840572 0.32366666666666666 0
1710244840601 0.32366666666666666 0
1710244840628 0.32366666666666666 0
1710244840655 0.32366666666666666 0
1710244840679 0.32366666666666666 0
1710244840702 0.32366666666666666 0
1710244840726 0.32366666666666666 0
1710244840756 0.32366666666666666 0
1710244840781 0.32366666666666666 0
1710244840995 0.32366666666666666 0
1710244841021 0.32366666666666666 0
1710244841055 0.32366666666666666 0
1710244841086 0.32366666666666666 0
1710244841118 0.32366666666666666 0
1710244841145 0.32366666666666666 0
1710244841177 0.32366666666666666 0
1710244841211 0.32366666666666666 0
1710244841243 0.32366666666666666 0
1710244841272 0.32366666666666666 0
1710244841455 0.32366666666666666 0
1710244841483 0.32366666666666666 0
1710244841512 0.32366666666666666 0
1710244841539 0.32366666666666666 0
1710244841573 0.32366666666666666 0
1710244841604 0.32366666666666666 0
1710244841627 0.32366666666666666 0
1710244841660 0.32366666666666666 0
1710244841695 0.32366666666666666 0
1710244841719 0.32366666666666666 0
1710244841969 0.32366666666666666 0
1710244841991 0.32366666666666666 0
1710244842020 0.32366666666666666 0
1710244842048 0.32366666666666666 0
1710244842077 0.32366666666666666 0
1710244842102 0.32366666666666666 0
1710244842135 0.32366666666666666 0
1710244842161 0.32366666666666666 0
1710244842184 0.32366666666666666 0
1710244842210 0.32366666666666666 0
1710244842420 0.32366666666666666 0
1710244842448 0.32366666666666666 0
1710244842479 0.32366666666666666 0
1710244842511 0.32366666666666666 0
1710244842541 0.32366666666666666 0
1710244842574 0.32366666666666666 0
1710244842613 0.32366666666666666 0
1710244842646 0.32366666666666666 0
1710244842674 0.32366666666666666 0
1710244842702 0.32366666666666666 0
1710244842883 0.32366666666666666 0
1710244842908 0.32366666666666666 0
1710244842933 0.32366666666666666 0
1710244842964 0.32366666666666666 0
1710244842992 0.32366666666666666 0
1710244843015 0.32366666666666666 0
1710244843039 0.32366666666666666 0
1710244843130 0.32366666666666666 0
1710244843173 0.32366666666666666 0
1710244843237 0.32366666666666666 0
1710244843482 0.32366666666666666 0
1710244843507 0.32366666666666666 0
1710244843542 0.32366666666666666 0
1710244843576 0.32366666666666666 0
1710244843605 0.32366666666666666 0
1710244843635 0.32366666666666666 0
1710244843660 0.32366666666666666 0
1710244843691 0.32366666666666666 0
1710244843720 0.32366666666666666 0
1710244843749 0.32366666666666666 0
